image_width: 320
image_height: 240
camera_name: camera
camera_matrix:
  rows: 3
  cols: 3
  data: [257.325171, 0.000000, 153.884455, 0.000000, 257.628125, 132.156384, 0.000000, 0.000000, 1.000000]
distortion_model: plumb_bob
distortion_coefficients:
  rows: 1
  cols: 5
  data: [0.269692, -0.545930, 0.014798, -0.002024, 0.000000]
rectification_matrix:
  rows: 3
  cols: 3
  data: [1.000000, 0.000000, 0.000000, 0.000000, 1.000000, 0.000000, 0.000000, 0.000000, 1.000000]
projection_matrix:
  rows: 3
  cols: 4
  data: [572.515259, 0.000000, 330.942421, 0.000000, 0.000000, 633.761230, -11.486711, 0.000000, 0.000000, 0.000000, 1.000000, 0.000000]
